afk: false
timestamps:
  lastteleport: 1584556947803
  kits:
    tools: 1584473415913
  logout: 1584556201242
  login: 1584560213928
lastlocation:
  world: world
  x: -1703.945442453768
  y: 63.0
  z: -278.20732112605134
  yaw: -247.6223
  pitch: 22.35015
teleportenabled: true
logoutlocation:
  world: world
  x: -2100.164212854995
  y: 72.52770907976134
  z: -210.03386389756835
  yaw: 97.80007
  pitch: 11.0999975
lastAccountName: TyLoDesu
ipAddress: 127.0.0.1
