afk: false
timestamps:
  lastteleport: 1584546637861
  kits:
    tools: 1584473415913
  logout: 1584548222282
  login: 1584545011279
lastlocation:
  world: world
  x: -2134.1071515204635
  y: 79.99433177306308
  z: -210.5281109381467
  yaw: -90.74995
  pitch: -20.100004
teleportenabled: true
logoutlocation:
  world: world
  x: -2149.790979900458
  y: 70.49390748022948
  z: -214.43035359007348
  yaw: -52.950035
  pitch: 18.150002
lastAccountName: TyLoDesu
ipAddress: 127.0.0.1
