afk: false
timestamps:
  lastteleport: 1584549720012
  kits:
    tools: 1584473415913
  logout: 1584549988418
  login: 1584549389460
lastlocation:
  world: world
  x: -2059.2256133988467
  y: 72.0
  z: -209.24945034808746
  yaw: -59.84996
  pitch: -3.4500053
teleportenabled: true
logoutlocation:
  world: world
  x: -2100.164212854995
  y: 72.52770907976134
  z: -210.03386389756835
  yaw: 97.80007
  pitch: 11.0999975
lastAccountName: TyLoDesu
ipAddress: 127.0.0.1
