lastAccountName: Veelzy
timestamps:
  login: 1584546586583
  lastteleport: 1584546621753
  logout: 1584546457439
ipAddress: 127.0.0.1
lastlocation:
  world: world
  x: -2139.653250594116
  y: 67.0
  z: -209.06904685892798
  yaw: -130.34993
  pitch: -1.8000045
homes:
  home:
    world: world
    x: -2272.2793317603478
    y: 25.85157469157538
    z: -1034.0024627217824
    yaw: -258.73633
    pitch: 66.900024
logoutlocation:
  world: world
  x: -2251.467469040448
  y: 73.04505351482952
  z: -1005.7398479259721
  yaw: -229.67218
  pitch: 7.3802114
afk: true
