lastAccountName: Veelzy
timestamps:
  login: 1584557735148
  lastteleport: 1584559954101
  logout: 1584557315021
ipAddress: 127.0.0.1
lastlocation:
  world: world
  x: -2259.974830373567
  y: 69.0
  z: -1017.948189285199
  yaw: -23.386353
  pitch: 25.350058
homes:
  home:
    world: world
    x: -2272.2793317603478
    y: 25.85157469157538
    z: -1034.0024627217824
    yaw: -258.73633
    pitch: 66.900024
logoutlocation:
  world: world
  x: -2257.0002479505256
  y: 76.0
  z: -1063.440705132949
  yaw: -329.5949
  pitch: 15.900173
afk: false
