spawns: 
  default: 
    world: world
    x: -2149.547349263455
    y: 68.0
    z: -210.4929958362097
    yaw: -90.74995
    pitch: -20.100004
